    1.000000      0.1260000E-02
   0.9981539      0.1641618E-02
   0.9948042      0.2331572E-02
   0.9905021      0.3213043E-02
   0.9854500      0.4241533E-02
   0.9797678      0.5389780E-02
   0.9735382      0.6638342E-02
   0.9668233      0.7972188E-02
   0.9596723      0.9379105E-02
   0.9521257      0.1084883E-01
   0.9442174      0.1237253E-01
   0.9359771      0.1394247E-01
   0.9274305      0.1555180E-01
   0.9186005      0.1719436E-01
   0.9095079      0.1886460E-01
   0.9001712      0.2055745E-01
   0.8906077      0.2226829E-01
   0.8808331      0.2399288E-01
   0.8708620      0.2572729E-01
   0.8607081      0.2746789E-01
   0.8503840      0.2921130E-01
   0.8399017      0.3095438E-01
   0.8292726      0.3269419E-01
   0.8185072      0.3442799E-01
   0.8076157      0.3615319E-01
   0.7966078      0.3786737E-01
   0.7854927      0.3956824E-01
   0.7742791      0.4125362E-01
   0.7629755      0.4292147E-01
   0.7515900      0.4456984E-01
   0.7401303      0.4619688E-01
   0.7286040      0.4780081E-01
   0.7170182      0.4937996E-01
   0.7053800      0.5093271E-01
   0.6936961      0.5245750E-01
   0.6819731      0.5395284E-01
   0.6702173      0.5541732E-01
   0.6584348      0.5684953E-01
   0.6466318      0.5824815E-01
   0.6348139      0.5961190E-01
   0.6229869      0.6093952E-01
   0.6111562      0.6222982E-01
   0.5993273      0.6348162E-01
   0.5875055      0.6469379E-01
   0.5756958      0.6586523E-01
   0.5639033      0.6699490E-01
   0.5521329      0.6808174E-01
   0.5403894      0.6912479E-01
   0.5286775      0.7012306E-01
   0.5170018      0.7107564E-01
   0.5053668      0.7198163E-01
   0.4937770      0.7284017E-01
   0.4822367      0.7365043E-01
   0.4707501      0.7441164E-01
   0.4593215      0.7512303E-01
   0.4479550      0.7578389E-01
   0.4366546      0.7639355E-01
   0.4254243      0.7695137E-01
   0.4142681      0.7745677E-01
   0.4031897      0.7790919E-01
   0.3921929      0.7830389E-01
   0.3812816      0.7862878E-01
   0.3704593      0.7888316E-01
   0.3597297      0.7906706E-01
   0.3490964      0.7918063E-01
   0.3385629      0.7922406E-01
   0.3281326      0.7919761E-01
   0.3178091      0.7910161E-01
   0.3075956      0.7893646E-01
   0.2974955      0.7870264E-01
   0.2875121      0.7840069E-01
   0.2776487      0.7803120E-01
   0.2679085      0.7759486E-01
   0.2582945      0.7709242E-01
   0.2488101      0.7652469E-01
   0.2394583      0.7589255E-01
   0.2302421      0.7519695E-01
   0.2211645      0.7443889E-01
   0.2122287      0.7361947E-01
   0.2034374      0.7273981E-01
   0.1947938      0.7180112E-01
   0.1863006      0.7080466E-01
   0.1779607      0.6975174E-01
   0.1697770      0.6864375E-01
   0.1617523      0.6748211E-01
   0.1538893      0.6626829E-01
   0.1461909      0.6500382E-01
   0.1386598      0.6369027E-01
   0.1312986      0.6232926E-01
   0.1241100      0.6092243E-01
   0.1170968      0.5947147E-01
   0.1102614      0.5797810E-01
   0.1036066      0.5644406E-01
   0.9713494E-01  0.5487112E-01
   0.9084894E-01  0.5326107E-01
   0.8475114E-01  0.5161571E-01
   0.7884408E-01  0.4993685E-01
   0.7313024E-01  0.4822632E-01
   0.6761211E-01  0.4648593E-01
   0.6229214E-01  0.4471749E-01
   0.5717276E-01  0.4292283E-01
   0.5225639E-01  0.4110372E-01
   0.4754543E-01  0.3926195E-01
   0.4304226E-01  0.3739926E-01
   0.3874923E-01  0.3551737E-01
   0.3466869E-01  0.3361797E-01
   0.3080296E-01  0.3170270E-01
   0.2715436E-01  0.2977317E-01
   0.2372517E-01  0.2783091E-01
   0.2051766E-01  0.2587741E-01
   0.1753410E-01  0.2391411E-01
   0.1477672E-01  0.2194236E-01
   0.1224776E-01  0.1996344E-01
   0.9949417E-02  0.1797857E-01
   0.7883897E-02  0.1598885E-01
   0.6053378E-02  0.1399534E-01
   0.4460026E-02  0.1199896E-01
   0.3105995E-02  0.1000055E-01
   0.1993422E-02  0.8000856E-02
   0.1124431E-02  0.6000499E-02
   0.5011347E-03  0.3999992E-02
   0.1256295E-03  0.1999734E-02
    0.000000       0.000000    
   0.1256295E-03 -0.1974612E-02
   0.5011347E-03 -0.3899828E-02
   0.1124431E-02 -0.5775928E-02
   0.1993422E-02 -0.7603165E-02
   0.3105995E-02 -0.9381764E-02
   0.4460026E-02 -0.1111192E-01
   0.6053378E-02 -0.1279382E-01
   0.7883897E-02 -0.1442761E-01
   0.9949417E-02 -0.1601343E-01
   0.1224776E-01 -0.1755139E-01
   0.1477672E-01 -0.1904160E-01
   0.1753410E-01 -0.2048415E-01
   0.2051766E-01 -0.2187912E-01
   0.2372517E-01 -0.2322660E-01
   0.2715436E-01 -0.2452664E-01
   0.3080296E-01 -0.2577932E-01
   0.3466869E-01 -0.2698471E-01
   0.3874923E-01 -0.2814290E-01
   0.4304226E-01 -0.2925396E-01
   0.4754543E-01 -0.3031800E-01
   0.5225639E-01 -0.3133512E-01
   0.5717276E-01 -0.3230546E-01
   0.6229214E-01 -0.3322914E-01
   0.6761211E-01 -0.3410636E-01
   0.7313024E-01 -0.3493728E-01
   0.7884408E-01 -0.3572214E-01
   0.8475114E-01 -0.3646117E-01
   0.9084894E-01 -0.3715467E-01
   0.9713494E-01 -0.3780293E-01
   0.1036066     -0.3840632E-01
   0.1102614     -0.3896521E-01
   0.1170968     -0.3948003E-01
   0.1241100     -0.3995125E-01
   0.1312986     -0.4037937E-01
   0.1386598     -0.4076495E-01
   0.1461909     -0.4110858E-01
   0.1538893     -0.4141090E-01
   0.1617523     -0.4167260E-01
   0.1697770     -0.4189441E-01
   0.1779607     -0.4207711E-01
   0.1863006     -0.4222152E-01
   0.1947938     -0.4232852E-01
   0.2034374     -0.4239902E-01
   0.2122287     -0.4243399E-01
   0.2211645     -0.4243442E-01
   0.2302421     -0.4240139E-01
   0.2394583     -0.4233596E-01
   0.2488101     -0.4223929E-01
   0.2582945     -0.4211253E-01
   0.2679085     -0.4195691E-01
   0.2776487     -0.4177366E-01
   0.2875121     -0.4156407E-01
   0.2974955     -0.4132944E-01
   0.3075956     -0.4107111E-01
   0.3178091     -0.4079045E-01
   0.3281326     -0.4048884E-01
   0.3385629     -0.4016769E-01
   0.3490964     -0.3982843E-01
   0.3597297     -0.3947249E-01
   0.3704593     -0.3910132E-01
   0.3812816     -0.3871638E-01
   0.3921929     -0.3831913E-01
   0.4031897     -0.3791032E-01
   0.4142681     -0.3747939E-01
   0.4254243     -0.3702319E-01
   0.4366546     -0.3654283E-01
   0.4479550     -0.3603941E-01
   0.4593215     -0.3551403E-01
   0.4707501     -0.3496781E-01
   0.4822367     -0.3440186E-01
   0.4937770     -0.3381729E-01
   0.5053668     -0.3321520E-01
   0.5170018     -0.3259668E-01
   0.5286775     -0.3196283E-01
   0.5403894     -0.3131470E-01
   0.5521329     -0.3065335E-01
   0.5639033     -0.2997982E-01
   0.5756958     -0.2929512E-01
   0.5875055     -0.2860027E-01
   0.5993273     -0.2789622E-01
   0.6111562     -0.2718392E-01
   0.6229869     -0.2646432E-01
   0.6348139     -0.2573830E-01
   0.6466318     -0.2500674E-01
   0.6584348     -0.2427048E-01
   0.6702173     -0.2353036E-01
   0.6819731     -0.2278716E-01
   0.6936961     -0.2204165E-01
   0.7053800     -0.2129459E-01
   0.7170182     -0.2054669E-01
   0.7286040     -0.1979865E-01
   0.7401303     -0.1905117E-01
   0.7515900     -0.1830490E-01
   0.7629755     -0.1756049E-01
   0.7742791     -0.1681860E-01
   0.7854927     -0.1607986E-01
   0.7966078     -0.1534490E-01
   0.8076157     -0.1461437E-01
   0.8185072     -0.1388891E-01
   0.8292726     -0.1316918E-01
   0.8399017     -0.1245588E-01
   0.8503840     -0.1174971E-01
   0.8607081     -0.1105143E-01
   0.8708620     -0.1036185E-01
   0.8808331     -0.9681825E-02
   0.8906077     -0.9012286E-02
   0.9001712     -0.8354254E-02
   0.9095079     -0.7708847E-02
   0.9186005     -0.7077307E-02
   0.9274305     -0.6461015E-02
   0.9359771     -0.5861526E-02
   0.9442174     -0.5280600E-02
   0.9521257     -0.4720247E-02
   0.9596723     -0.4182786E-02
   0.9668233     -0.3670931E-02
   0.9735382     -0.3187907E-02
   0.9797678     -0.2737640E-02
   0.9854500     -0.2325062E-02
   0.9905021     -0.1956682E-02
   0.9948042     -0.1641799E-02
   0.9981539     -0.1395848E-02
    1.000000     -0.1260000E-02
