naca4412
  1.00016653  0.00124895
  1.00000379  0.00129410
  0.99951567  0.00142948
  0.99870244  0.00165480
  0.99756459  0.00196960
  0.99610277  0.00237322
  0.99431782  0.00286482
  0.99221078  0.00344341
  0.98978289  0.00410779
  0.98703554  0.00485660
  0.98397035  0.00568831
  0.98058910  0.00660123
  0.97689378  0.00759352
  0.97288655  0.00866318
  0.96856978  0.00980806
  0.96394602  0.01102588
  0.95901800  0.01231424
  0.95378865  0.01367060
  0.94826109  0.01509229
  0.94243862  0.01657656
  0.93632472  0.01812055
  0.92992309  0.01972129
  0.92323758  0.02137574
  0.91627225  0.02308077
  0.90903132  0.02483320
  0.90151921  0.02662975
  0.89374053  0.02846712
  0.88570004  0.03034194
  0.87740271  0.03225079
  0.86885366  0.03419024
  0.86005821  0.03615681
  0.85102182  0.03814700
  0.84175014  0.04015730
  0.83224899  0.04218419
  0.82252433  0.04422412
  0.81258231  0.04627356
  0.80242921  0.04832898
  0.79207148  0.05038686
  0.78151573  0.05244368
  0.77076868  0.05449593
  0.75983723  0.05654015
  0.74872840  0.05857288
  0.73744936  0.06059067
  0.72600740  0.06259014
  0.71440994  0.06456790
  0.70266451  0.06652062
  0.69077879  0.06844501
  0.67876055  0.07033779
  0.66661767  0.07219577
  0.65435814  0.07401575
  0.64199006  0.07579464
  0.62952161  0.07752935
  0.61696106  0.07921687
  0.60431679  0.08085425
  0.59159724  0.08243860
  0.57881092  0.08396709
  0.56596642  0.08543696
  0.55307241  0.08684554
  0.54013758  0.08819021
  0.52717072  0.08946846
  0.51418062  0.09067786
  0.50117616  0.09181607
  0.48816622  0.09288086
  0.47515972  0.09387007
  0.46216560  0.09478170
  0.44919283  0.09561382
  0.43625038  0.09636466
  0.42334721  0.09703255
  0.41049229  0.09761596
  0.39765783  0.09811276
  0.38472160  0.09849205
  0.37185907  0.09873798
  0.35907989  0.09885050
  0.34639368  0.09882987
  0.33381001  0.09867661
  0.32133841  0.09839155
  0.30898832  0.09797577
  0.29676914  0.09743069
  0.28469016  0.09675797
  0.27276056  0.09595959
  0.26098943  0.09503776
  0.24938572  0.09399501
  0.23795824  0.09283411
  0.22671565  0.09155810
  0.21566646  0.09017028
  0.20481899  0.08867416
  0.19418138  0.08707351
  0.18376158  0.08537232
  0.17356733  0.08357477
  0.16360617  0.08168525
  0.15388538  0.07970831
  0.14441205  0.07764869
  0.13519301  0.07551125
  0.12623485  0.07330100
  0.11754389  0.07102304
  0.10912623  0.06868259
  0.10098766  0.06628492
  0.09313374  0.06383535
  0.08556976  0.06133927
  0.07830071  0.05880204
  0.07133134  0.05622902
  0.06466610  0.05362557
  0.05830918  0.05099697
  0.05226449  0.04834842
  0.04653566  0.04568507
  0.04112607  0.04301191
  0.03603881  0.04033382
  0.03127670  0.03765553
  0.02684231  0.03498158
  0.02273793  0.03231635
  0.01896559  0.02966398
  0.01552710  0.02702839
  0.01242396  0.02441327
  0.00965746  0.02182206
  0.00722864  0.01925790
  0.00513829  0.01672368
  0.00338696  0.01422198
  0.00197496  0.01175507
  0.00090238  0.00932493
  0.00016908  0.00693319
  -0.00022531  0.00458119
  -0.00028140  0.00226991
  0.00000000  0.00000000
  0.00061293  -0.00220361
  0.00155122  -0.00431623
  0.00281339  -0.00633781
  0.00439774  -0.00826842
  0.00630237  -0.01010817
  0.00852515  -0.01185730
  0.01106376  -0.01351608
  0.01391567  -0.01508492
  0.01707816  -0.01656428
  0.02054832  -0.01795471
  0.02432303  -0.01925687
  0.02839902  -0.02047148
  0.03277285  -0.02159938
  0.03744087  -0.02264149
  0.04239933  -0.02359884
  0.04764429  -0.02447256
  0.05317166  -0.02526387
  0.05897725  -0.02597410
  0.06505672  -0.02660472
  0.07140558  -0.02715725
  0.07801927  -0.02763339
  0.08489310  -0.02803490
  0.09202227  -0.02836368
  0.09940190  -0.02862175
  0.10702701  -0.02881124
  0.11489253  -0.02893441
  0.12299333  -0.02899361
  0.13132417  -0.02899134
  0.13987978  -0.02893020
  0.14865480  -0.02881289
  0.15764379  -0.02864224
  0.16684128  -0.02842118
  0.17624171  -0.02815274
  0.18583949  -0.02784006
  0.19562894  -0.02748636
  0.20560434  -0.02709494
  0.21575991  -0.02666920
  0.22608982  -0.02621260
  0.23658815  -0.02572865
  0.24724896  -0.02522093
  0.25806621  -0.02469306
  0.26903382  -0.02414869
  0.28014564  -0.02359150
  0.29139545  -0.02302518
  0.30277695  -0.02245341
  0.31428378  -0.02187987
  0.32590950  -0.02130820
  0.33764760  -0.02074201
  0.34949148  -0.02018486
  0.36143447  -0.01964025
  0.37346981  -0.01911159
  0.38559066  -0.01860222
  0.39779010  -0.01811535
  0.41022695  -0.01763981
  0.42276222  -0.01715067
  0.43535127  -0.01664949
  0.44798617  -0.01613848
  0.46065893  -0.01561980
  0.47336153  -0.01509555
  0.48608587  -0.01456773
  0.49882384  -0.01403830
  0.51156729  -0.01350909
  0.52430804  -0.01298188
  0.53703788  -0.01245833
  0.54974859  -0.01194001
  0.56243193  -0.01142838
  0.57507966  -0.01092479
  0.58768352  -0.01043048
  0.60023527  -0.00994661
  0.61272668  -0.00947418
  0.62514951  -0.00901412
  0.63749558  -0.00856722
  0.64975669  -0.00813419
  0.66192472  -0.00771560
  0.67399154  -0.00731195
  0.68594910  -0.00692362
  0.69778939  -0.00655090
  0.70950445  -0.00619397
  0.72108639  -0.00585294
  0.73252738  -0.00552783
  0.74381966  -0.00521859
  0.75495557  -0.00492508
  0.76592752  -0.00464712
  0.77672800  -0.00438443
  0.78734961  -0.00413671
  0.79778507  -0.00390359
  0.80802717  -0.00368467
  0.81806885  -0.00347950
  0.82790313  -0.00328761
  0.83752320  -0.00310850
  0.84692234  -0.00294165
  0.85609398  -0.00278652
  0.86503170  -0.00264257
  0.87372922  -0.00250923
  0.88218041  -0.00238597
  0.89037928  -0.00227222
  0.89832003  -0.00216745
  0.90599702  -0.00207112
  0.91340477  -0.00198271
  0.92053798  -0.00190171
  0.92739154  -0.00182763
  0.93396052  -0.00176002
  0.94024018  -0.00169842
  0.94622599  -0.00164240
  0.95191361  -0.00159157
  0.95729890  -0.00154554
  0.96237795  -0.00150398
  0.96714703  -0.00146654
  0.97160268  -0.00143293
  0.97574160  -0.00140287
  0.97956078  -0.00137610
  0.98305738  -0.00135240
  0.98622883  -0.00133156
  0.98907280  -0.00131338
  0.99158717  -0.00129772
  0.99377008  -0.00128443
  0.99561991  -0.00127338
  0.99713529  -0.00126448
  0.99831508  -0.00125763
  0.99915842  -0.00125279
  0.99966468  -0.00124991
  0.99983347  -0.00124895
