#    s        x        y     Ue/Vinf    Dstar     Theta      Cf       H       H*        P         m          K          tau         Di
   0.00000  1.00000  0.00126  0.94653  0.033332  0.010991  0.000034    3.0326    1.5003  0.00985  0.03155  0.01398
   0.00840  0.99168  0.00242  0.94816  0.032100  0.010897  0.000056    2.9458    1.5004  0.00980  0.03044  0.01394
   0.01982  0.98037  0.00398  0.95095  0.030422  0.010741  0.000088    2.8323    1.5019  0.00971  0.02893  0.01387
   0.03304  0.96727  0.00576  0.95492  0.028533  0.010529  0.000127    2.7100    1.5054  0.00960  0.02725  0.01380
   0.04772  0.95272  0.00771  0.96025  0.026538  0.010259  0.000175    2.5869    1.5110  0.00946  0.02548  0.01373
   0.06337  0.93720  0.00974  0.96695  0.024544  0.009939  0.000230    2.4694    1.5186  0.00929  0.02373  0.01365
   0.07959  0.92112  0.01182  0.97491  0.022633  0.009584  0.000294    2.3617    1.5276  0.00911  0.02207  0.01357
   0.09610  0.90474  0.01389  0.98397  0.020852  0.009206  0.000364    2.2651    1.5377  0.00891  0.02052  0.01349
   0.11275  0.88821  0.01594  0.99396  0.019219  0.008818  0.000441    2.1795    1.5483  0.00871  0.01910  0.01341
   0.12949  0.87160  0.01796  1.00472  0.017738  0.008430  0.000522    2.1042    1.5590  0.00851  0.01782  0.01333
   0.14626  0.85494  0.01994  1.01609  0.016403  0.008048  0.000609    2.0382    1.5697  0.00831  0.01667  0.01325
   0.16305  0.83827  0.02189  1.02792  0.015204  0.007677  0.000699    1.9804    1.5800  0.00811  0.01563  0.01318
   0.17984  0.82158  0.02381  1.04010  0.014131  0.007322  0.000791    1.9298    1.5899  0.00792  0.01470  0.01310
   0.19665  0.80488  0.02569  1.05253  0.013169  0.006984  0.000885    1.8856    1.5992  0.00774  0.01386  0.01302
   0.21346  0.78817  0.02753  1.06510  0.012306  0.006664  0.000980    1.8468    1.6079  0.00756  0.01311  0.01295
   0.23027  0.77146  0.02934  1.07777  0.011531  0.006361  0.001076    1.8127    1.6160  0.00739  0.01243  0.01287
   0.24707  0.75475  0.03111  1.09049  0.010832  0.006076  0.001172    1.7827    1.6234  0.00723  0.01181  0.01279
   0.26388  0.73803  0.03284  1.10322  0.010200  0.005808  0.001268    1.7562    1.6303  0.00707  0.01125  0.01271
   0.28068  0.72132  0.03453  1.11595  0.009625  0.005555  0.001363    1.7327    1.6367  0.00692  0.01074  0.01263
   0.29748  0.70460  0.03619  1.12867  0.009101  0.005316  0.001459    1.7119    1.6425  0.00677  0.01027  0.01255
   0.31427  0.68789  0.03781  1.14139  0.008620  0.005090  0.001554    1.6933    1.6479  0.00663  0.00984  0.01247
   0.33105  0.67118  0.03938  1.15412  0.008176  0.004877  0.001649    1.6766    1.6528  0.00650  0.00944  0.01239
   0.34783  0.65447  0.04092  1.16687  0.007766  0.004674  0.001744    1.6616    1.6574  0.00636  0.00906  0.01231
   0.36460  0.63777  0.04241  1.17967  0.007384  0.004480  0.001840    1.6481    1.6616  0.00623  0.00871  0.01222
   0.38135  0.62108  0.04387  1.19253  0.007027  0.004296  0.001936    1.6358    1.6655  0.00611  0.00838  0.01213
   0.39809  0.60440  0.04527  1.20548  0.006692  0.004119  0.002032    1.6247    1.6691  0.00599  0.00807  0.01204
   0.41482  0.58772  0.04663  1.21855  0.006377  0.003950  0.002130    1.6145    1.6725  0.00587  0.00777  0.01195
   0.43154  0.57106  0.04794  1.23176  0.006079  0.003787  0.002229    1.6052    1.6756  0.00575  0.00749  0.01186
   0.44823  0.55441  0.04920  1.24513  0.005797  0.003631  0.002330    1.5967    1.6785  0.00563  0.00722  0.01176
   0.46491  0.53778  0.05041  1.25871  0.005528  0.003480  0.002433    1.5888    1.6812  0.00551  0.00696  0.01167
   0.48157  0.52116  0.05156  1.27250  0.005272  0.003333  0.002538    1.5815    1.6838  0.00540  0.00671  0.01157
   0.49820  0.50456  0.05265  1.28655  0.005027  0.003192  0.002645    1.5748    1.6861  0.00528  0.00647  0.01146
   0.51481  0.48798  0.05368  1.30089  0.004792  0.003055  0.002756    1.5686    1.6884  0.00517  0.00623  0.01136
   0.53140  0.47143  0.05465  1.31554  0.004567  0.002922  0.002870    1.5629    1.6905  0.00506  0.00601  0.01125
   0.54796  0.45489  0.05555  1.33054  0.004350  0.002793  0.002987    1.5575    1.6924  0.00494  0.00579  0.01113
   0.56448  0.43839  0.05639  1.34593  0.004141  0.002667  0.003109    1.5526    1.6943  0.00483  0.00557  0.01102
   0.58098  0.42191  0.05714  1.36175  0.003940  0.002545  0.003236    1.5481    1.6960  0.00472  0.00536  0.01090
   0.59744  0.40546  0.05782  1.37803  0.003745  0.002426  0.003367    1.5439    1.6976  0.00461  0.00516  0.01078
   0.61386  0.38905  0.05842  1.39482  0.003557  0.002310  0.003504    1.5400    1.6991  0.00449  0.00496  0.01065
   0.63024  0.37268  0.05893  1.41218  0.003374  0.002196  0.003648    1.5365    1.7005  0.00438  0.00477  0.01052
   0.64657  0.35635  0.05935  1.43016  0.003197  0.002085  0.003798    1.5333    1.7018  0.00427  0.00457  0.01038
   0.66286  0.34007  0.05967  1.44882  0.003026  0.001977  0.003957    1.5304    1.7030  0.00415  0.00438  0.01024
   0.67910  0.32383  0.05989  1.46824  0.002859  0.001871  0.004124    1.5279    1.7041  0.00403  0.00420  0.01009
   0.69527  0.30766  0.06000  1.48849  0.002697  0.001768  0.004300    1.5257    1.7051  0.00392  0.00401  0.00994
   0.71139  0.29154  0.06000  1.50968  0.002539  0.001667  0.004488    1.5238    1.7059  0.00380  0.00383  0.00978
   0.72743  0.27550  0.05988  1.53190  0.002386  0.001567  0.004688    1.5222    1.7067  0.00368  0.00366  0.00962
   0.74340  0.25953  0.05963  1.55530  0.002236  0.001470  0.004902    1.5210    1.7074  0.00356  0.00348  0.00944
   0.75928  0.24366  0.05924  1.58001  0.002090  0.001375  0.005132    1.5201    1.7079  0.00343  0.00330  0.00926
   0.77506  0.22788  0.05871  1.60622  0.001948  0.001282  0.005381    1.5197    1.7083  0.00331  0.00313  0.00908
   0.79074  0.21222  0.05803  1.63414  0.001809  0.001191  0.005651    1.5196    1.7086  0.00318  0.00296  0.00888
   0.80628  0.19670  0.05718  1.66402  0.001673  0.001101  0.005948    1.5198    1.7088  0.00305  0.00278  0.00867
   0.82167  0.18135  0.05616  1.69618  0.001540  0.001013  0.006276    1.5205    1.7090  0.00291  0.00261  0.00845
   0.83688  0.16619  0.05497  1.73096  0.001411  0.000927  0.006641    1.5215    1.7090  0.00278  0.00244  0.00822
   0.85186  0.15127  0.05358  1.76879  0.001284  0.000843  0.007053    1.5229    1.7089  0.00264  0.00227  0.00797
   0.86655  0.13666  0.05200  1.81016  0.001160  0.000761  0.007523    1.5245    1.7089  0.00249  0.00210  0.00771
   0.88087  0.12246  0.05022  1.85557  0.001040  0.000681  0.008065    1.5261    1.7089  0.00235  0.00193  0.00744
   0.89470  0.10877  0.04824  1.90554  0.000924  0.000605  0.008698    1.5276    1.7091  0.00220  0.00176  0.00715
   0.90789  0.09575  0.04609  1.96046  0.000813  0.000532  0.009449    1.5285    1.7096  0.00204  0.00159  0.00685
   0.92028  0.08358  0.04381  2.02050  0.000708  0.000464  0.010345    1.5281    1.7108  0.00189  0.00143  0.00654
   0.93169  0.07242  0.04142  2.08551  0.000611  0.000401  0.011423    1.5260    1.7127  0.00174  0.00128  0.00623
   0.94200  0.06239  0.03900  2.15502  0.000523  0.000344  0.012724    1.5212    1.7159  0.00160  0.00113  0.00591
   0.95118  0.05354  0.03659  2.22837  0.000444  0.000294  0.014294    1.5135    1.7203  0.00146  0.00099  0.00559
   0.95926  0.04581  0.03424  2.30492  0.000375  0.000250  0.016184    1.5024    1.7262  0.00133  0.00086  0.00527
   0.96635  0.03910  0.03196  2.38418  0.000314  0.000211  0.018447    1.4885    1.7334  0.00120  0.00075  0.00496
   0.97255  0.03329  0.02976  2.46583  0.000262  0.000178  0.021129    1.4726    1.7418  0.00108  0.00065  0.00465
   0.97802  0.02826  0.02764  2.54957  0.000218  0.000149  0.024227    1.4572    1.7504  0.00097  0.00055  0.00433
   0.98286  0.02387  0.02560  2.63494  0.000180  0.000124  0.027544    1.4479    1.7570  0.00086  0.00047  0.00400
   0.98718  0.02003  0.02361  2.72094  0.000151  0.000103  0.030161    1.4620    1.7552  0.00076  0.00041  0.00365
   0.99107  0.01666  0.02167  2.80637  0.000133  0.000085  0.028649    1.5616    1.7246  0.00067  0.00037  0.00326
   0.99460  0.01369  0.01977  2.89612  0.000140  0.000071  0.016476    1.9645    1.6277  0.00060  0.00041  0.00282
   0.99781  0.01108  0.01789  3.08215  0.000207  0.000052 -0.000447    4.0140    1.5104  0.00049  0.00064  0.00228
   1.00078  0.00879  0.01602  3.22936  0.000225  0.000037 -0.001962    6.0212    1.5350  0.00039  0.00073  0.00194
   1.00352  0.00678  0.01415  3.26389  0.000169  0.000035 -0.002076    4.8456    1.5288  0.00037  0.00055  0.00185
   1.00607  0.00505  0.01227  3.31574  0.000115  0.000032  0.001141    3.6298    1.5301  0.00035  0.00038  0.00177
   1.00847  0.00358  0.01038  3.38779  0.000083  0.000028  0.008857    2.9900    1.5474  0.00032  0.00028  0.00167
   1.01072  0.00236  0.00848  3.44910  0.000065  0.000024  0.017249    2.6941    1.5664  0.00029  0.00023  0.00156
   1.01286  0.00140  0.00657  3.47789  0.000054  0.000022  0.025503    2.5239    1.5823  0.00026  0.00019  0.00143
   1.01490  0.00070  0.00466  3.46329  0.000047  0.000019  0.033086    2.4119    1.5952  0.00023  0.00016  0.00129
   1.01685  0.00024  0.00276  3.39968  0.000042  0.000018  0.039150    2.3350    1.6053  0.00021  0.00014  0.00113
   1.01872  0.00003  0.00091  3.29012  0.000039  0.000017  0.042353    2.2929    1.6113  0.00018  0.00013  0.00098
   1.02053  0.00003 -0.00091  3.14803  0.000037  0.000016  0.043703    2.2638    1.6157  0.00016  0.00012  0.00083
   1.02240  0.00024 -0.00276  2.96988  0.000036  0.000016  0.044016    2.2319    1.6207  0.00014  0.00011  0.00068
   1.02434  0.00070 -0.00466  2.75356  0.000035  0.000016  0.042218    2.2070    1.6247  0.00012  0.00010  0.00055
   1.02638  0.00140 -0.00657  2.51097  0.000036  0.000016  0.038582    2.1892    1.6277  0.00010  0.00009  0.00042
   1.02852  0.00236 -0.00848  2.25642  0.000037  0.000017  0.033794    2.1777    1.6297  0.00009  0.00008  0.00032
   1.03078  0.00358 -0.01038  2.00323  0.000039  0.000018  0.028616    2.1712    1.6308  0.00007  0.00008  0.00024
   1.03317  0.00505 -0.01227  1.76076  0.000042  0.000019  0.023621    2.1684    1.6313  0.00006  0.00007  0.00017
   1.03573  0.00678 -0.01415  1.53422  0.000045  0.000021  0.019122    2.1685    1.6313  0.00005  0.00007  0.00012
   1.03847  0.00879 -0.01602  1.32560  0.000049  0.000022  0.015253    2.1701    1.6310  0.00004  0.00006  0.00009
   1.04143  0.01108 -0.01789  1.13485  0.000053  0.000024  0.011988    2.1741    1.6303  0.00003  0.00006  0.00006
   1.04465  0.01369 -0.01977  0.96070  0.000058  0.000026  0.009321    2.1771    1.6298  0.00002  0.00006  0.00004
   1.04817  0.01666 -0.02167  0.80160  0.000063  0.000029  0.007085    2.1852    1.6284  0.00002  0.00005  0.00002
   1.05206  0.02003 -0.02361  0.65555  0.000068  0.000031  0.005338    2.1854    1.6284  0.00001  0.00004  0.00001
   1.05638  0.02387 -0.02560  0.52115  0.000075  0.000034  0.003819    2.2016    1.6256  0.00001  0.00004  0.00001
   1.06122  0.02826 -0.02764  0.39648  0.000081  0.000037  0.002711    2.1925    1.6272  0.00001  0.00003  0.00000
   1.06669  0.03329 -0.02976  0.28076  0.000089  0.000040  0.001690    2.2232    1.6221  0.00000  0.00003  0.00000
   1.07290  0.03910 -0.03196  0.17250  0.000095  0.000043  0.000990    2.2037    1.6253  0.00000  0.00002  0.00000
   1.07998  0.04581 -0.03424  0.07164  0.000110  0.000049  0.000348    2.2295    1.6211  0.00000  0.00001  0.00000
   1.08806  0.05354 -0.03659 -0.02255  0.000110  0.000049  0.000109    2.2295    1.6211  0.00000 -0.00000 -0.00000
   1.09724  0.06239 -0.03900 -0.10981  0.000128  0.000057  0.000449    2.2474    1.6182  0.00000 -0.00001 -0.00000
   1.10756  0.07242 -0.04142 -0.18965  0.000136  0.000061  0.000740    2.2329    1.6205  0.00000 -0.00003 -0.00000
   1.11897  0.08358 -0.04381 -0.26207  0.000151  0.000066  0.000896    2.2680    1.6150  0.00000 -0.00004 -0.00000
   1.13135  0.09575 -0.04609 -0.32664  0.000162  0.000072  0.001053    2.2546    1.6171  0.00001 -0.00005 -0.00000
   1.14454  0.10877 -0.04824 -0.38388  0.000176  0.000077  0.001114    2.2769    1.6137  0.00001 -0.00007 -0.00001
   1.15837  0.12246 -0.05022 -0.43410  0.000188  0.000083  0.001180    2.2749    1.6140  0.00002 -0.00008 -0.00001
   1.17269  0.13666 -0.05200 -0.47825  0.000202  0.000088  0.001199    2.2864    1.6123  0.00002 -0.00010 -0.00002
   1.18738  0.15127 -0.05358 -0.51700  0.000215  0.000094  0.001214    2.2906    1.6116  0.00003 -0.00011 -0.00002
   1.20236  0.16619 -0.05497 -0.55120  0.000228  0.000099  0.001213    2.2975    1.6106  0.00003 -0.00013 -0.00003
   1.21757  0.18135 -0.05616 -0.58148  0.000240  0.000104  0.001206    2.3030    1.6098  0.00004 -0.00014 -0.00003
   1.23296  0.19670 -0.05718 -0.60844  0.000253  0.000110  0.001192    2.3085    1.6090  0.00004 -0.00015 -0.00004
   1.24851  0.21222 -0.05803 -0.63254  0.000265  0.000115  0.001176    2.3137    1.6083  0.00005 -0.00017 -0.00005
   1.26418  0.22788 -0.05871 -0.65420  0.000278  0.000120  0.001157    2.3188    1.6076  0.00005 -0.00018 -0.00005
   1.27996  0.24366 -0.05924 -0.67376  0.000290  0.000125  0.001136    2.3236    1.6069  0.00006 -0.00020 -0.00006
   1.29584  0.25953 -0.05963 -0.69148  0.000302  0.000130  0.001115    2.3283    1.6062  0.00006 -0.00021 -0.00007
   1.31181  0.27550 -0.05988 -0.70760  0.000314  0.000134  0.001093    2.3328    1.6056  0.00007 -0.00022 -0.00008
   1.32785  0.29154 -0.06000 -0.72232  0.000325  0.000139  0.001071    2.3371    1.6050  0.00007 -0.00024 -0.00008
   1.34397  0.30766 -0.06000 -0.73581  0.000337  0.000144  0.001049    2.3413    1.6044  0.00008 -0.00025 -0.00009
   1.36015  0.32383 -0.05989 -0.74821  0.000348  0.000149  0.001028    2.3454    1.6039  0.00008 -0.00026 -0.00010
   1.37638  0.34007 -0.05967 -0.75964  0.000360  0.000153  0.001007    2.3493    1.6033  0.00009 -0.00027 -0.00011
   1.39267  0.35635 -0.05935 -0.77020  0.000371  0.000158  0.000986    2.3530    1.6028  0.00009 -0.00029 -0.00012
   1.40900  0.37268 -0.05893 -0.78000  0.000382  0.000162  0.000966    2.3566    1.6023  0.00010 -0.00030 -0.00012
   1.42538  0.38905 -0.05842 -0.78911  0.000393  0.000167  0.000947    2.3600    1.6019  0.00010 -0.00031 -0.00013
   1.44181  0.40546 -0.05782 -0.79760  0.000404  0.000171  0.000929    2.3633    1.6014  0.00011 -0.00032 -0.00014
   1.45826  0.42191 -0.05714 -0.80553  0.000415  0.000175  0.000911    2.3665    1.6010  0.00011 -0.00033 -0.00015
   1.47476  0.43839 -0.05639 -0.81296  0.000425  0.000179  0.000894    2.3694    1.6006  0.00012 -0.00035 -0.00015
   1.49129  0.45489 -0.05555 -0.81994  0.000436  0.000184  0.000877    2.3722    1.6002  0.00012 -0.00036 -0.00016
   1.50784  0.47143 -0.05465 -0.82651  0.000446  0.000188  0.000862    2.3749    1.5999  0.00013 -0.00037 -0.00017
   1.52443  0.48798 -0.05368 -0.83271  0.000456  0.000192  0.000847    2.3774    1.5996  0.00013 -0.00038 -0.00018
   1.54104  0.50456 -0.05265 -0.83857  0.000466  0.000196  0.000832    2.3797    1.5993  0.00014 -0.00039 -0.00018
   1.55768  0.52116 -0.05156 -0.84414  0.000476  0.000200  0.000819    2.3818    1.5990  0.00014 -0.00040 -0.00019
   1.57433  0.53778 -0.05041 -0.84942  0.000486  0.000204  0.000806    2.3838    1.5987  0.00015 -0.00041 -0.00020
   1.59101  0.55441 -0.04920 -0.85446  0.000495  0.000208  0.000794    2.3856    1.5985  0.00015 -0.00042 -0.00021
   1.60771  0.57106 -0.04794 -0.85927  0.000505  0.000211  0.000782    2.3873    1.5983  0.00016 -0.00043 -0.00021
   1.62442  0.58772 -0.04663 -0.86387  0.000514  0.000215  0.000771    2.3888    1.5981  0.00016 -0.00044 -0.00022
   1.64115  0.60440 -0.04527 -0.86828  0.000523  0.000219  0.000760    2.3901    1.5979  0.00017 -0.00045 -0.00023
   1.65789  0.62108 -0.04387 -0.87252  0.000532  0.000223  0.000750    2.3913    1.5978  0.00017 -0.00046 -0.00024
   1.67465  0.63777 -0.04241 -0.87661  0.000541  0.000226  0.000741    2.3923    1.5976  0.00017 -0.00047 -0.00024
   1.69141  0.65447 -0.04092 -0.88054  0.000549  0.000230  0.000732    2.3932    1.5975  0.00018 -0.00048 -0.00025
   1.70819  0.67118 -0.03938 -0.88435  0.000558  0.000233  0.000723    2.3940    1.5974  0.00018 -0.00049 -0.00026
   1.72497  0.68789 -0.03781 -0.88803  0.000566  0.000236  0.000715    2.3947    1.5973  0.00019 -0.00050 -0.00026
   1.74177  0.70460 -0.03619 -0.89160  0.000574  0.000240  0.000707    2.3953    1.5973  0.00019 -0.00051 -0.00027
   1.75856  0.72132 -0.03453 -0.89506  0.000582  0.000243  0.000700    2.3958    1.5972  0.00019 -0.00052 -0.00028
   1.77536  0.73803 -0.03284 -0.89843  0.000590  0.000246  0.000693    2.3963    1.5971  0.00020 -0.00053 -0.00029
   1.79217  0.75475 -0.03111 -0.90169  0.000598  0.000250  0.000686    2.3967    1.5971  0.00020 -0.00054 -0.00029
   1.80898  0.77146 -0.02934 -0.90487  0.000606  0.000253  0.000680    2.3971    1.5970  0.00021 -0.00055 -0.00030
   1.82579  0.78817 -0.02753 -0.90796  0.000613  0.000256  0.000673    2.3975    1.5970  0.00021 -0.00056 -0.00031
   1.84259  0.80488 -0.02569 -0.91096  0.000621  0.000259  0.000667    2.3980    1.5969  0.00021 -0.00057 -0.00031
   1.85940  0.82158 -0.02381 -0.91388  0.000628  0.000262  0.000661    2.3986    1.5968  0.00022 -0.00057 -0.00032
   1.87620  0.83827 -0.02189 -0.91671  0.000636  0.000265  0.000655    2.3992    1.5968  0.00022 -0.00058 -0.00033
   1.89299  0.85494 -0.01994 -0.91945  0.000643  0.000268  0.000649    2.4001    1.5966  0.00023 -0.00059 -0.00033
   1.90976  0.87160 -0.01796 -0.92209  0.000650  0.000271  0.000642    2.4012    1.5965  0.00023 -0.00060 -0.00034
   1.92649  0.88821 -0.01594 -0.92463  0.000658  0.000274  0.000636    2.4026    1.5963  0.00023 -0.00061 -0.00035
   1.94315  0.90474 -0.01389 -0.92706  0.000666  0.000277  0.000629    2.4043    1.5961  0.00024 -0.00062 -0.00035
   1.95966  0.92112 -0.01182 -0.92936  0.000673  0.000280  0.000622    2.4065    1.5958  0.00024 -0.00063 -0.00036
   1.97587  0.93720 -0.00974 -0.93149  0.000681  0.000283  0.000615    2.4093    1.5955  0.00025 -0.00063 -0.00036
   1.99152  0.95272 -0.00771 -0.93342  0.000689  0.000286  0.000607    2.4126    1.5951  0.00025 -0.00064 -0.00037
   2.00620  0.96727 -0.00576 -0.93503  0.000698  0.000289  0.000597    2.4177    1.5944  0.00025 -0.00065 -0.00038
   2.01942  0.98037 -0.00398 -0.93658  0.000704  0.000291  0.000592    2.4190    1.5943  0.00026 -0.00066 -0.00038
   2.03084  0.99168 -0.00242 -0.93633  0.000722  0.000295  0.000560    2.4486    1.5907  0.00026 -0.00068 -0.00039
   2.03924  1.00000 -0.00126 -0.94653  0.000652  0.000284  0.000918    2.2942    1.5665  0.00025 -0.00062 -0.00038
   2.03924  1.00010  0.00000  0.94653  0.036480  0.011276  0.000000    3.2353
   2.04764  1.00850  0.00005  0.94486  0.035591  0.011379  0.000000    3.1277
   2.05721  1.01807  0.00025  0.94030  0.034476  0.011660  0.000000    2.9568
   2.06811  1.02896  0.00058  0.93699  0.033155  0.011862  0.000000    2.7951
   2.08053  1.04137  0.00105  0.93411  0.031671  0.012036  0.000000    2.6315
   2.09468  1.05550  0.00171  0.93187  0.030048  0.012168  0.000000    2.4695
   2.11079  1.07159  0.00257  0.93049  0.028317  0.012247  0.000000    2.3120
   2.12915  1.08991  0.00369  0.93013  0.026520  0.012267  0.000000    2.1618
   2.15005  1.11077  0.00512  0.93092  0.024707  0.012225  0.000000    2.0210
   2.17387  1.13452  0.00691  0.93284  0.022933  0.012125  0.000000    1.8913
   2.20100  1.16156  0.00916  0.93580  0.021245  0.011979  0.000000    1.7735
   2.23190  1.19234  0.01194  0.93959  0.019682  0.011800  0.000000    1.6679
   2.26711  1.22737  0.01538  0.94394  0.018269  0.011605  0.000000    1.5743
   2.30721  1.26725  0.01959  0.94858  0.017015  0.011406  0.000000    1.4918
   2.35289  1.31264  0.02473  0.95328  0.015916  0.011212  0.000000    1.4195
   2.40493  1.36430  0.03098  0.95788  0.014963  0.011031  0.000000    1.3564
   2.46420  1.42309  0.03855  0.96228  0.014140  0.010864  0.000000    1.3016
   2.53172  1.48999  0.04769  0.96641  0.013433  0.010713  0.000000    1.2540
   2.60863  1.56612  0.05868  0.97023  0.012828  0.010577  0.000000    1.2128
   2.69625  1.65274  0.07184  0.97375  0.012311  0.010455  0.000000    1.1775
   2.79605  1.75129  0.08757  0.97695  0.011873  0.010347  0.000000    1.1475
   2.90974  1.86343  0.10629  0.97983  0.011505  0.010252  0.000000    1.1222
   3.03924  1.99101  0.12852  0.98341  0.011158  0.010136  0.000000    1.1008
