#    s        x        y     Ue/Vinf    Dstar     Theta      Cf       H       H*        P         m          K          tau         Di
   0.00000  1.00000  0.00126  0.76518  0.000000  0.000000  0.000000    1.0000    2.0000  0.00000  0.00000  0.00000
   0.00840  0.99168  0.00242  0.87707  0.000000  0.000000  0.000000    1.0000    2.0000  0.00000  0.00000  0.00000
   0.01980  0.98038  0.00398  0.90806  0.000000  0.000000  0.000000    1.0000    2.0000  0.00000  0.00000  0.00000
   0.03302  0.96729  0.00576  0.93356  0.000000  0.000000  0.000000    1.0000    2.0000  0.00000  0.00000  0.00000
   0.04769  0.95274  0.00770  0.95327  0.000000  0.000000  0.000000    1.0000    2.0000  0.00000  0.00000  0.00000
   0.06335  0.93722  0.00974  0.96977  0.000000  0.000000  0.000000    1.0000    2.0000  0.00000  0.00000  0.00000
   0.07958  0.92113  0.01181  0.98390  0.000000  0.000000  0.000000    1.0000    2.0000  0.00000  0.00000  0.00000
   0.09610  0.90473  0.01389  0.99630  0.000000  0.000000  0.000000    1.0000    2.0000  0.00000  0.00000  0.00000
   0.11277  0.88819  0.01594  1.00737  0.000000  0.000000  0.000000    1.0000    2.0000  0.00000  0.00000  0.00000
   0.12952  0.87156  0.01796  1.01744  0.000000  0.000000  0.000000    1.0000    2.0000  0.00000  0.00000  0.00000
   0.14631  0.85489  0.01995  1.02672  0.000000  0.000000  0.000000    1.0000    2.0000  0.00000  0.00000  0.00000
   0.16311  0.83820  0.02190  1.03540  0.000000  0.000000  0.000000    1.0000    2.0000  0.00000  0.00000  0.00000
   0.17993  0.82150  0.02382  1.04358  0.000000  0.000000  0.000000    1.0000    2.0000  0.00000  0.00000  0.00000
   0.19675  0.80478  0.02570  1.05138  0.000000  0.000000  0.000000    1.0000    2.0000  0.00000  0.00000  0.00000
   0.21357  0.78806  0.02754  1.05886  0.000000  0.000000  0.000000    1.0000    2.0000  0.00000  0.00000  0.00000
   0.23040  0.77133  0.02935  1.06609  0.000000  0.000000  0.000000    1.0000    2.0000  0.00000  0.00000  0.00000
   0.24722  0.75460  0.03112  1.07311  0.000000  0.000000  0.000000    1.0000    2.0000  0.00000  0.00000  0.00000
   0.26404  0.73787  0.03286  1.07998  0.000000  0.000000  0.000000    1.0000    2.0000  0.00000  0.00000  0.00000
   0.28086  0.72114  0.03455  1.08673  0.000000  0.000000  0.000000    1.0000    2.0000  0.00000  0.00000  0.00000
   0.29767  0.70441  0.03621  1.09338  0.000000  0.000000  0.000000    1.0000    2.0000  0.00000  0.00000  0.00000
   0.31448  0.68768  0.03783  1.09997  0.000000  0.000000  0.000000    1.0000    2.0000  0.00000  0.00000  0.00000
   0.33128  0.67096  0.03941  1.10651  0.000000  0.000000  0.000000    1.0000    2.0000  0.00000  0.00000  0.00000
   0.34807  0.65423  0.04094  1.11302  0.000000  0.000000  0.000000    1.0000    2.0000  0.00000  0.00000  0.00000
   0.36485  0.63752  0.04244  1.11953  0.000000  0.000000  0.000000    1.0000    2.0000  0.00000  0.00000  0.00000
   0.38162  0.62081  0.04389  1.12605  0.000000  0.000000  0.000000    1.0000    2.0000  0.00000  0.00000  0.00000
   0.39838  0.60411  0.04529  1.13259  0.000000  0.000000  0.000000    1.0000    2.0000  0.00000  0.00000  0.00000
   0.41512  0.58743  0.04665  1.13917  0.000000  0.000000  0.000000    1.0000    2.0000  0.00000  0.00000  0.00000
   0.43185  0.57075  0.04796  1.14579  0.000000  0.000000  0.000000    1.0000    2.0000  0.00000  0.00000  0.00000
   0.44856  0.55409  0.04922  1.15248  0.000000  0.000000  0.000000    1.0000    2.0000  0.00000  0.00000  0.00000
   0.46525  0.53744  0.05043  1.15923  0.000000  0.000000  0.000000    1.0000    2.0000  0.00000  0.00000  0.00000
   0.48192  0.52081  0.05158  1.16606  0.000000  0.000000  0.000000    1.0000    2.0000  0.00000  0.00000  0.00000
   0.49857  0.50419  0.05267  1.17298  0.000000  0.000000  0.000000    1.0000    2.0000  0.00000  0.00000  0.00000
   0.51520  0.48760  0.05371  1.17999  0.000000  0.000000  0.000000    1.0000    2.0000  0.00000  0.00000  0.00000
   0.53180  0.47103  0.05467  1.18711  0.000000  0.000000  0.000000    1.0000    2.0000  0.00000  0.00000  0.00000
   0.54837  0.45448  0.05558  1.19434  0.000000  0.000000  0.000000    1.0000    2.0000  0.00000  0.00000  0.00000
   0.56491  0.43796  0.05641  1.20169  0.000000  0.000000  0.000000    1.0000    2.0000  0.00000  0.00000  0.00000
   0.58142  0.42147  0.05716  1.20916  0.000000  0.000000  0.000000    1.0000    2.0000  0.00000  0.00000  0.00000
   0.59789  0.40501  0.05784  1.21678  0.000000  0.000000  0.000000    1.0000    2.0000  0.00000  0.00000  0.00000
   0.61432  0.38859  0.05843  1.22453  0.000000  0.000000  0.000000    1.0000    2.0000  0.00000  0.00000  0.00000
   0.63071  0.37221  0.05894  1.23244  0.000000  0.000000  0.000000    1.0000    2.0000  0.00000  0.00000  0.00000
   0.64706  0.35587  0.05936  1.24052  0.000000  0.000000  0.000000    1.0000    2.0000  0.00000  0.00000  0.00000
   0.66336  0.33957  0.05968  1.24877  0.000000  0.000000  0.000000    1.0000    2.0000  0.00000  0.00000  0.00000
   0.67960  0.32333  0.05990  1.25721  0.000000  0.000000  0.000000    1.0000    2.0000  0.00000  0.00000  0.00000
   0.69579  0.30714  0.06001  1.26585  0.000000  0.000000  0.000000    1.0000    2.0000  0.00000  0.00000  0.00000
   0.71191  0.29102  0.06000  1.27471  0.000000  0.000000  0.000000    1.0000    2.0000  0.00000  0.00000  0.00000
   0.72797  0.27496  0.05987  1.28381  0.000000  0.000000  0.000000    1.0000    2.0000  0.00000  0.00000  0.00000
   0.74394  0.25899  0.05962  1.29316  0.000000  0.000000  0.000000    1.0000    2.0000  0.00000  0.00000  0.00000
   0.75983  0.24311  0.05922  1.30281  0.000000  0.000000  0.000000    1.0000    2.0000  0.00000  0.00000  0.00000
   0.77562  0.22733  0.05869  1.31277  0.000000  0.000000  0.000000    1.0000    2.0000  0.00000  0.00000  0.00000
   0.79130  0.21167  0.05800  1.32309  0.000000  0.000000  0.000000    1.0000    2.0000  0.00000  0.00000  0.00000
   0.80684  0.19614  0.05715  1.33382  0.000000  0.000000  0.000000    1.0000    2.0000  0.00000  0.00000  0.00000
   0.82223  0.18079  0.05612  1.34500  0.000000  0.000000  0.000000    1.0000    2.0000  0.00000  0.00000  0.00000
   0.83744  0.16563  0.05492  1.35670  0.000000  0.000000  0.000000    1.0000    2.0000  0.00000  0.00000  0.00000
   0.85241  0.15072  0.05352  1.36899  0.000000  0.000000  0.000000    1.0000    2.0000  0.00000  0.00000  0.00000
   0.86709  0.13613  0.05193  1.38194  0.000000  0.000000  0.000000    1.0000    2.0000  0.00000  0.00000  0.00000
   0.88140  0.12194  0.05015  1.39562  0.000000  0.000000  0.000000    1.0000    2.0000  0.00000  0.00000  0.00000
   0.89520  0.10827  0.04817  1.41007  0.000000  0.000000  0.000000    1.0000    2.0000  0.00000  0.00000  0.00000
   0.90836  0.09530  0.04601  1.42529  0.000000  0.000000  0.000000    1.0000    2.0000  0.00000  0.00000  0.00000
   0.92069  0.08317  0.04372  1.44120  0.000000  0.000000  0.000000    1.0000    2.0000  0.00000  0.00000  0.00000
   0.93205  0.07207  0.04134  1.45763  0.000000  0.000000  0.000000    1.0000    2.0000  0.00000  0.00000  0.00000
   0.94230  0.06210  0.03892  1.47433  0.000000  0.000000  0.000000    1.0000    2.0000  0.00000  0.00000  0.00000
   0.95143  0.05330  0.03652  1.49102  0.000000  0.000000  0.000000    1.0000    2.0000  0.00000  0.00000  0.00000
   0.95945  0.04562  0.03418  1.50743  0.000000  0.000000  0.000000    1.0000    2.0000  0.00000  0.00000  0.00000
   0.96649  0.03896  0.03191  1.52332  0.000000  0.000000  0.000000    1.0000    2.0000  0.00000  0.00000  0.00000
   0.97266  0.03319  0.02972  1.53848  0.000000  0.000000  0.000000    1.0000    2.0000  0.00000  0.00000  0.00000
   0.97810  0.02818  0.02761  1.55266  0.000000  0.000000  0.000000    1.0000    2.0000  0.00000  0.00000  0.00000
   0.98292  0.02382  0.02557  1.56558  0.000000  0.000000  0.000000    1.0000    2.0000  0.00000  0.00000  0.00000
   0.98722  0.02000  0.02360  1.57683  0.000000  0.000000  0.000000    1.0000    2.0000  0.00000  0.00000  0.00000
   0.99109  0.01664  0.02166  1.58587  0.000000  0.000000  0.000000    1.0000    2.0000  0.00000  0.00000  0.00000
   0.99461  0.01368  0.01976  1.59188  0.000000  0.000000  0.000000    1.0000    2.0000  0.00000  0.00000  0.00000
   0.99782  0.01108  0.01788  1.59371  0.000000  0.000000  0.000000    1.0000    2.0000  0.00000  0.00000  0.00000
   1.00078  0.00879  0.01602  1.58976  0.000000  0.000000  0.000000    1.0000    2.0000  0.00000  0.00000  0.00000
   1.00351  0.00678  0.01415  1.57783  0.000000  0.000000  0.000000    1.0000    2.0000  0.00000  0.00000  0.00000
   1.00607  0.00505  0.01227  1.55500  0.000000  0.000000  0.000000    1.0000    2.0000  0.00000  0.00000  0.00000
   1.00846  0.00358  0.01039  1.51765  0.000000  0.000000  0.000000    1.0000    2.0000  0.00000  0.00000  0.00000
   1.01071  0.00237  0.00849  1.46174  0.000000  0.000000  0.000000    1.0000    2.0000  0.00000  0.00000  0.00000
   1.01285  0.00141  0.00658  1.38365  0.000000  0.000000  0.000000    1.0000    2.0000  0.00000  0.00000  0.00000
   1.01489  0.00070  0.00466  1.28155  0.000000  0.000000  0.000000    1.0000    2.0000  0.00000  0.00000  0.00000
   1.01684  0.00024  0.00277  1.15699  0.000000  0.000000  0.000000    1.0000    2.0000  0.00000  0.00000  0.00000
   1.01871  0.00003  0.00091  1.01550  0.000000  0.000000  0.000000    1.0000    2.0000  0.00000  0.00000  0.00000
   1.02053  0.00003 -0.00091  0.86535  0.000000  0.000000  0.000000    1.0000    2.0000  0.00000  0.00000  0.00000
   1.02240  0.00024 -0.00277  0.70418  0.000000  0.000000  0.000000    1.0000    2.0000  0.00000  0.00000  0.00000
   1.02435  0.00070 -0.00466  0.53530  0.000000  0.000000  0.000000    1.0000    2.0000  0.00000  0.00000  0.00000
   1.02639  0.00141 -0.00658  0.36709  0.000000  0.000000  0.000000    1.0000    2.0000  0.00000  0.00000  0.00000
   1.02853  0.00237 -0.00849  0.20706  0.000000  0.000000  0.000000    1.0000    2.0000  0.00000  0.00000  0.00000
   1.03078  0.00358 -0.01039  0.06025  0.000000  0.000000  0.000000    1.0000    2.0000  0.00000  0.00000  0.00000
   1.03318  0.00505 -0.01227 -0.07114  0.000000  0.000000  0.000000    1.0000    2.0000  0.00000 -0.00000 -0.00000
   1.03573  0.00678 -0.01415 -0.18702  0.000000  0.000000  0.000000    1.0000    2.0000  0.00000 -0.00000 -0.00000
   1.03847  0.00879 -0.01602 -0.28854  0.000000  0.000000  0.000000    1.0000    2.0000  0.00000 -0.00000 -0.00000
   1.04142  0.01108 -0.01788 -0.37740  0.000000  0.000000  0.000000    1.0000    2.0000  0.00000 -0.00000 -0.00000
   1.04463  0.01368 -0.01976 -0.45539  0.000000  0.000000  0.000000    1.0000    2.0000  0.00000 -0.00000 -0.00000
   1.04815  0.01664 -0.02166 -0.52419  0.000000  0.000000  0.000000    1.0000    2.0000  0.00000 -0.00000 -0.00000
   1.05202  0.02000 -0.02360 -0.58527  0.000000  0.000000  0.000000    1.0000    2.0000  0.00000 -0.00000 -0.00000
   1.05633  0.02382 -0.02557 -0.63986  0.000000  0.000000  0.000000    1.0000    2.0000  0.00000 -0.00000 -0.00000
   1.06115  0.02818 -0.02761 -0.68897  0.000000  0.000000  0.000000    1.0000    2.0000  0.00000 -0.00000 -0.00000
   1.06658  0.03319 -0.02972 -0.73341  0.000000  0.000000  0.000000    1.0000    2.0000  0.00000 -0.00000 -0.00000
   1.07275  0.03896 -0.03191 -0.77376  0.000000  0.000000  0.000000    1.0000    2.0000  0.00000 -0.00000 -0.00000
   1.07979  0.04562 -0.03418 -0.81047  0.000000  0.000000  0.000000    1.0000    2.0000  0.00000 -0.00000 -0.00000
   1.08782  0.05330 -0.03652 -0.84378  0.000000  0.000000  0.000000    1.0000    2.0000  0.00000 -0.00000 -0.00000
   1.09694  0.06210 -0.03892 -0.87378  0.000000  0.000000  0.000000    1.0000    2.0000  0.00000 -0.00000 -0.00000
   1.10720  0.07207 -0.04134 -0.90050  0.000000  0.000000  0.000000    1.0000    2.0000  0.00000 -0.00000 -0.00000
   1.11855  0.08317 -0.04372 -0.92395  0.000000  0.000000  0.000000    1.0000    2.0000  0.00000 -0.00000 -0.00000
   1.13089  0.09530 -0.04601 -0.94420  0.000000  0.000000  0.000000    1.0000    2.0000  0.00000 -0.00000 -0.00000
   1.14404  0.10827 -0.04817 -0.96146  0.000000  0.000000  0.000000    1.0000    2.0000  0.00000 -0.00000 -0.00000
   1.15785  0.12194 -0.05015 -0.97601  0.000000  0.000000  0.000000    1.0000    2.0000  0.00000 -0.00000 -0.00000
   1.17215  0.13613 -0.05193 -0.98819  0.000000  0.000000  0.000000    1.0000    2.0000  0.00000 -0.00000 -0.00000
   1.18683  0.15072 -0.05352 -0.99835  0.000000  0.000000  0.000000    1.0000    2.0000  0.00000 -0.00000 -0.00000
   1.20180  0.16563 -0.05492 -1.00679  0.000000  0.000000  0.000000    1.0000    2.0000  0.00000 -0.00000 -0.00000
   1.21701  0.18079 -0.05612 -1.01378  0.000000  0.000000  0.000000    1.0000    2.0000  0.00000 -0.00000 -0.00000
   1.23240  0.19614 -0.05715 -1.01955  0.000000  0.000000  0.000000    1.0000    2.0000  0.00000 -0.00000 -0.00000
   1.24795  0.21167 -0.05800 -1.02427  0.000000  0.000000  0.000000    1.0000    2.0000  0.00000 -0.00000 -0.00000
   1.26362  0.22733 -0.05869 -1.02811  0.000000  0.000000  0.000000    1.0000    2.0000  0.00000 -0.00000 -0.00000
   1.27941  0.24311 -0.05922 -1.03118  0.000000  0.000000  0.000000    1.0000    2.0000  0.00000 -0.00000 -0.00000
   1.29530  0.25899 -0.05962 -1.03360  0.000000  0.000000  0.000000    1.0000    2.0000  0.00000 -0.00000 -0.00000
   1.31128  0.27496 -0.05987 -1.03546  0.000000  0.000000  0.000000    1.0000    2.0000  0.00000 -0.00000 -0.00000
   1.32733  0.29102 -0.06000 -1.03682  0.000000  0.000000  0.000000    1.0000    2.0000  0.00000 -0.00000 -0.00000
   1.34345  0.30714 -0.06001 -1.03775  0.000000  0.000000  0.000000    1.0000    2.0000  0.00000 -0.00000 -0.00000
   1.35964  0.32333 -0.05990 -1.03831  0.000000  0.000000  0.000000    1.0000    2.0000  0.00000 -0.00000 -0.00000
   1.37588  0.33957 -0.05968 -1.03853  0.000000  0.000000  0.000000    1.0000    2.0000  0.00000 -0.00000 -0.00000
   1.39218  0.35587 -0.05936 -1.03847  0.000000  0.000000  0.000000    1.0000    2.0000  0.00000 -0.00000 -0.00000
   1.40853  0.37221 -0.05894 -1.03815  0.000000  0.000000  0.000000    1.0000    2.0000  0.00000 -0.00000 -0.00000
   1.42492  0.38859 -0.05843 -1.03761  0.000000  0.000000  0.000000    1.0000    2.0000  0.00000 -0.00000 -0.00000
   1.44135  0.40501 -0.05784 -1.03687  0.000000  0.000000  0.000000    1.0000    2.0000  0.00000 -0.00000 -0.00000
   1.45783  0.42147 -0.05716 -1.03596  0.000000  0.000000  0.000000    1.0000    2.0000  0.00000 -0.00000 -0.00000
   1.47433  0.43796 -0.05641 -1.03488  0.000000  0.000000  0.000000    1.0000    2.0000  0.00000 -0.00000 -0.00000
   1.49087  0.45448 -0.05558 -1.03367  0.000000  0.000000  0.000000    1.0000    2.0000  0.00000 -0.00000 -0.00000
   1.50745  0.47103 -0.05467 -1.03234  0.000000  0.000000  0.000000    1.0000    2.0000  0.00000 -0.00000 -0.00000
   1.52404  0.48760 -0.05371 -1.03089  0.000000  0.000000  0.000000    1.0000    2.0000  0.00000 -0.00000 -0.00000
   1.54067  0.50419 -0.05267 -1.02934  0.000000  0.000000  0.000000    1.0000    2.0000  0.00000 -0.00000 -0.00000
   1.55732  0.52081 -0.05158 -1.02770  0.000000  0.000000  0.000000    1.0000    2.0000  0.00000 -0.00000 -0.00000
   1.57399  0.53744 -0.05043 -1.02597  0.000000  0.000000  0.000000    1.0000    2.0000  0.00000 -0.00000 -0.00000
   1.59068  0.55409 -0.04922 -1.02417  0.000000  0.000000  0.000000    1.0000    2.0000  0.00000 -0.00000 -0.00000
   1.60739  0.57075 -0.04796 -1.02228  0.000000  0.000000  0.000000    1.0000    2.0000  0.00000 -0.00000 -0.00000
   1.62412  0.58743 -0.04665 -1.02033  0.000000  0.000000  0.000000    1.0000    2.0000  0.00000 -0.00000 -0.00000
   1.64087  0.60411 -0.04529 -1.01830  0.000000  0.000000  0.000000    1.0000    2.0000  0.00000 -0.00000 -0.00000
   1.65762  0.62081 -0.04389 -1.01620  0.000000  0.000000  0.000000    1.0000    2.0000  0.00000 -0.00000 -0.00000
   1.67439  0.63752 -0.04244 -1.01402  0.000000  0.000000  0.000000    1.0000    2.0000  0.00000 -0.00000 -0.00000
   1.69117  0.65423 -0.04094 -1.01177  0.000000  0.000000  0.000000    1.0000    2.0000  0.00000 -0.00000 -0.00000
   1.70797  0.67096 -0.03941 -1.00943  0.000000  0.000000  0.000000    1.0000    2.0000  0.00000 -0.00000 -0.00000
   1.72477  0.68768 -0.03783 -1.00699  0.000000  0.000000  0.000000    1.0000    2.0000  0.00000 -0.00000 -0.00000
   1.74157  0.70441 -0.03621 -1.00445  0.000000  0.000000  0.000000    1.0000    2.0000  0.00000 -0.00000 -0.00000
   1.75839  0.72114 -0.03455 -1.00180  0.000000  0.000000  0.000000    1.0000    2.0000  0.00000 -0.00000 -0.00000
   1.77520  0.73787 -0.03286 -0.99901  0.000000  0.000000  0.000000    1.0000    2.0000  0.00000 -0.00000 -0.00000
   1.79202  0.75460 -0.03112 -0.99607  0.000000  0.000000  0.000000    1.0000    2.0000  0.00000 -0.00000 -0.00000
   1.80885  0.77133 -0.02935 -0.99295  0.000000  0.000000  0.000000    1.0000    2.0000  0.00000 -0.00000 -0.00000
   1.82567  0.78806 -0.02754 -0.98962  0.000000  0.000000  0.000000    1.0000    2.0000  0.00000 -0.00000 -0.00000
   1.84249  0.80478 -0.02570 -0.98604  0.000000  0.000000  0.000000    1.0000    2.0000  0.00000 -0.00000 -0.00000
   1.85931  0.82150 -0.02382 -0.98218  0.000000  0.000000  0.000000    1.0000    2.0000  0.00000 -0.00000 -0.00000
   1.87613  0.83820 -0.02190 -0.97795  0.000000  0.000000  0.000000    1.0000    2.0000  0.00000 -0.00000 -0.00000
   1.89293  0.85489 -0.01995 -0.97329  0.000000  0.000000  0.000000    1.0000    2.0000  0.00000 -0.00000 -0.00000
   1.90972  0.87156 -0.01796 -0.96809  0.000000  0.000000  0.000000    1.0000    2.0000  0.00000 -0.00000 -0.00000
   1.92647  0.88819 -0.01594 -0.96221  0.000000  0.000000  0.000000    1.0000    2.0000  0.00000 -0.00000 -0.00000
   1.94314  0.90473 -0.01389 -0.95546  0.000000  0.000000  0.000000    1.0000    2.0000  0.00000 -0.00000 -0.00000
   1.95967  0.92113 -0.01181 -0.94755  0.000000  0.000000  0.000000    1.0000    2.0000  0.00000 -0.00000 -0.00000
   1.97589  0.93722 -0.00974 -0.93810  0.000000  0.000000  0.000000    1.0000    2.0000  0.00000 -0.00000 -0.00000
   1.99155  0.95274 -0.00770 -0.92650  0.000000  0.000000  0.000000    1.0000    2.0000  0.00000 -0.00000 -0.00000
   2.00623  0.96729 -0.00576 -0.91191  0.000000  0.000000  0.000000    1.0000    2.0000  0.00000 -0.00000 -0.00000
   2.01944  0.98038 -0.00398 -0.89195  0.000000  0.000000  0.000000    1.0000    2.0000  0.00000 -0.00000 -0.00000
   2.03085  0.99168 -0.00242 -0.86623  0.000000  0.000000  0.000000    1.0000    2.0000  0.00000 -0.00000 -0.00000
   2.03924  1.00000 -0.00126 -0.76518  0.000000  0.000000  0.000000    1.0000    2.0000  0.00000 -0.00000 -0.00000
