#    s        x        y     Ue/Vinf    Dstar     Theta      Cf       H       H*        P         m          K          tau         Di
   0.00000  1.00000  0.00126  1.81538  2.803519  0.021274 -0.000001  131.7818    3.8381  0.07011  5.08946  0.48851
   0.00901  0.99107  0.00246  1.81543  2.771324  0.021200 -0.000001  130.7257    3.8159  0.06987  5.03115  0.48402
   0.02196  0.97823  0.00414  1.81540  2.710087  0.021248 -0.000001  127.5429    3.7569  0.07003  4.91990  0.47761
   0.03509  0.96520  0.00580  1.81537  2.647292  0.021308 -0.000001  124.2389    3.6961  0.07022  4.80581  0.47118
   0.04824  0.95216  0.00743  1.81533  2.584752  0.021368 -0.000001  120.9622    3.6361  0.07042  4.69218  0.46480
   0.06139  0.93911  0.00903  1.81530  2.523748  0.021417 -0.000001  117.8408    3.5788  0.07057  4.58136  0.45849
   0.07454  0.92605  0.01059  1.81528  2.464637  0.021449 -0.000001  114.9045    3.5247  0.07068  4.47400  0.45223
   0.08768  0.91299  0.01213  1.81526  2.406260  0.021479 -0.000001  112.0288    3.4716  0.07078  4.36798  0.44603
   0.10083  0.89993  0.01363  1.81524  2.348600  0.021505 -0.000001  109.2099    3.4197  0.07086  4.26328  0.43988
   0.11398  0.88687  0.01510  1.81523  2.292287  0.021522 -0.000001  106.5089    3.3697  0.07092  4.16103  0.43378
   0.12713  0.87380  0.01655  1.81523  2.237085  0.021531 -0.000001  103.8997    3.3213  0.07095  4.06082  0.42773
   0.14028  0.86073  0.01796  1.81522  2.182058  0.021542 -0.000001  101.2950    3.2731  0.07098  3.96092  0.42173
   0.15342  0.84765  0.01935  1.81525  2.131251  0.021509 -0.000001   99.0870    3.2317  0.07087  3.86876  0.41577
   0.16657  0.83457  0.02071  1.81524  2.075605  0.021529 -0.000001   96.4087    3.1828  0.07094  3.76772  0.40986
   0.17972  0.82149  0.02204  1.81521  2.018709  0.021565 -0.000001   93.6117    3.1322  0.07106  3.66438  0.40400
   0.19287  0.80841  0.02334  1.81525  1.968807  0.021527 -0.000001   91.4564    3.0923  0.07093  3.57387  0.39818
   0.20602  0.79532  0.02461  1.81529  1.920131  0.021478 -0.000001   89.4006    3.0541  0.07078  3.48560  0.39239
   0.21917  0.78223  0.02585  1.81535  1.872465  0.021419 -0.000001   87.4227    3.0175  0.07058  3.39919  0.38665
   0.23232  0.76914  0.02706  1.81543  1.826368  0.021343 -0.000001   85.5712    2.9830  0.07034  3.31564  0.38093
   0.24546  0.75604  0.02825  1.81551  1.780959  0.021261 -0.000001   83.7653    2.9494  0.07008  3.23335  0.37525
   0.25861  0.74295  0.02940  1.81561  1.736579  0.021169 -0.000001   82.0343    2.9172  0.06978  3.15295  0.36960
   0.27176  0.72985  0.03053  1.81571  1.693145  0.021067 -0.000001   80.3697    2.8863  0.06945  3.07427  0.36399
   0.28491  0.71674  0.03162  1.81584  1.650627  0.020956 -0.000001   78.7678    2.8565  0.06910  2.99727  0.35839
   0.29806  0.70364  0.03269  1.81596  1.608150  0.020844 -0.000001   77.1509    2.8266  0.06874  2.92033  0.35283
   0.31120  0.69053  0.03372  1.81611  1.567332  0.020715 -0.000001   75.6604    2.7989  0.06832  2.84644  0.34729
   0.32435  0.67742  0.03472  1.81626  1.527304  0.020578 -0.000002   74.2195    2.7720  0.06788  2.77399  0.34178
   0.33750  0.66431  0.03570  1.81644  1.488102  0.020432 -0.000002   72.8309    2.7462  0.06742  2.70304  0.33629
   0.35065  0.65119  0.03664  1.81663  1.449742  0.020277 -0.000002   71.4953    2.7213  0.06692  2.63364  0.33081
   0.36380  0.63808  0.03756  1.81683  1.412211  0.020114 -0.000002   70.2106    2.6973  0.06639  2.56575  0.32536
   0.37694  0.62497  0.03844  1.81705  1.375507  0.019942 -0.000002   68.9764    2.6742  0.06584  2.49937  0.31993
   0.39008  0.61186  0.03928  1.81729  1.339630  0.019760 -0.000002   67.7935    2.6520  0.06526  2.43450  0.31452
   0.40323  0.59873  0.04008  1.81755  1.304559  0.019570 -0.000002   66.6613    2.6307  0.06465  2.37110  0.30911
   0.41639  0.58559  0.04087  1.81782  1.270156  0.019372 -0.000002   65.5677    2.6101  0.06401  2.30892  0.30372
   0.42954  0.57247  0.04166  1.81811  1.236199  0.019168 -0.000002   64.4912    2.5898  0.06336  2.24754  0.29834
   0.44266  0.55937  0.04243  1.81841  1.202660  0.018961 -0.000002   63.4267    2.5698  0.06270  2.18693  0.29299
   0.45574  0.54630  0.04310  1.81873  1.169890  0.018747 -0.000002   62.4048    2.5506  0.06201  2.12772  0.28766
   0.46881  0.53325  0.04358  1.81908  1.138444  0.018518 -0.000002   61.4782    2.5330  0.06128  2.07092  0.28234
   0.48189  0.52017  0.04389  1.81947  1.108560  0.018271 -0.000002   60.6748    2.5173  0.06048  2.01700  0.27703
   0.49500  0.50705  0.04408  1.81990  1.079817  0.018008 -0.000002   59.9637    2.5032  0.05964  1.96516  0.27170
   0.50816  0.49390  0.04425  1.82035  1.051705  0.017735 -0.000002   59.3012    2.4899  0.05877  1.91447  0.26636
   0.52132  0.48074  0.04442  1.82083  1.023907  0.017456 -0.000002   58.6561    2.4770  0.05787  1.86436  0.26102
   0.53447  0.46759  0.04457  1.82133  0.996587  0.017170 -0.000002   58.0419    2.4647  0.05696  1.81511  0.25569
   0.54761  0.45446  0.04468  1.82185  0.969840  0.016876 -0.000002   57.4685    2.4532  0.05601  1.76691  0.25035
   0.56074  0.44132  0.04475  1.82241  0.943725  0.016573 -0.000002   56.9446    2.4426  0.05504  1.71986  0.24501
   0.57388  0.42818  0.04477  1.82301  0.918175  0.016260 -0.000002   56.4668    2.4328  0.05404  1.67384  0.23967
   0.58703  0.41503  0.04475  1.82363  0.893113  0.015940 -0.000002   56.0295    2.4238  0.05301  1.62871  0.23431
   0.60017  0.40189  0.04469  1.82429  0.868485  0.015612 -0.000002   55.6287    2.4154  0.05196  1.58437  0.22895
   0.61332  0.38875  0.04459  1.82498  0.844294  0.015277 -0.000002   55.2666    2.4078  0.05088  1.54082  0.22357
   0.62646  0.37560  0.04445  1.82571  0.820521  0.014934 -0.000002   54.9435    2.4008  0.04978  1.49803  0.21818
   0.63960  0.36247  0.04426  1.82647  0.797162  0.014584 -0.000002   54.6618    2.3946  0.04865  1.45599  0.21278
   0.65274  0.34933  0.04403  1.82728  0.774248  0.014225 -0.000002   54.4284    2.3892  0.04750  1.41476  0.20736
   0.66588  0.33619  0.04375  1.82812  0.751782  0.013858 -0.000002   54.2476    2.3847  0.04632  1.37435  0.20191
   0.67902  0.32305  0.04343  1.82902  0.729786  0.013483 -0.000002   54.1262    2.3812  0.04510  1.33479  0.19644
   0.69216  0.30992  0.04306  1.82996  0.708250  0.013098 -0.000003   54.0715    2.3788  0.04386  1.29607  0.19095
   0.70530  0.29679  0.04263  1.83096  0.687167  0.012704 -0.000003   54.0922    2.3779  0.04259  1.25818  0.18542
   0.71844  0.28366  0.04215  1.83202  0.666543  0.012298 -0.000003   54.1976    2.3784  0.04128  1.22112  0.17986
   0.73157  0.27053  0.04162  1.83314  0.646224  0.011884 -0.000003   54.3777    2.3803  0.03993  1.18462  0.17426
   0.74471  0.25741  0.04103  1.83432  0.626459  0.011457 -0.000003   54.6772    2.3844  0.03855  1.14913  0.16861
   0.75784  0.24429  0.04038  1.83557  0.606704  0.011024 -0.000003   55.0342    2.3895  0.03714  1.11365  0.16292
   0.77098  0.23118  0.03967  1.83690  0.587704  0.010576 -0.000003   55.5717    2.3977  0.03568  1.07955  0.15717
   0.78411  0.21807  0.03889  1.83830  0.568804  0.010118 -0.000003   56.2145    2.4079  0.03419  1.04563  0.15135
   0.79724  0.20497  0.03805  1.83979  0.550180  0.009650 -0.000003   57.0124    2.4207  0.03266  1.01221  0.14547
   0.81037  0.19187  0.03713  1.84142  0.533429  0.009152 -0.000004   58.2861    2.4413  0.03103  0.98227  0.13951
   0.82349  0.17878  0.03613  1.84303  0.513370  0.008679 -0.000004   59.1542    2.4563  0.02948  0.94616  0.13345
   0.83661  0.16571  0.03504  1.84505  0.501387  0.008105 -0.000004   61.8606    2.5005  0.02759  0.92508  0.12729
   0.84973  0.15264  0.03387  1.84670  0.476906  0.007654 -0.000004   62.3061    2.5105  0.02610  0.88070  0.12102
   0.86285  0.13959  0.03259  1.84926  0.472177  0.006974 -0.000005   67.7049    2.5982  0.02385  0.87318  0.11459
   0.87596  0.12655  0.03120  1.85093  0.442325  0.006549 -0.000005   67.5432    2.6008  0.02244  0.81871  0.10800
   0.88906  0.11354  0.02969  1.85404  0.442020  0.005783 -0.000006   76.4299    2.7462  0.01988  0.81952  0.10122
   0.90214  0.10056  0.02804  1.85625  0.417348  0.005257 -0.000006   79.3951    2.8017  0.01811  0.77470  0.09420
   0.91523  0.08760  0.02622  1.85913  0.401627  0.004605 -0.000007   87.2146    2.9366  0.01592  0.74668  0.08690
   0.92834  0.07464  0.02420  1.86333  0.409010  0.003662 -0.000009  111.6856    3.3404  0.01272  0.76212  0.07914
   0.94130  0.06187  0.02198  1.86403  0.339395  0.003519 -0.000009   96.4577    3.1211  0.01223  0.63264  0.07113
   0.95427  0.04916  0.01946  1.87132  0.397196  0.001942 -0.000015  204.4932    4.8912  0.00680  0.74328  0.06226
   0.96718  0.03657  0.01656  1.86324  0.169403  0.003393 -0.000009   49.9312    2.4237  0.01178  0.31564  0.05319
   0.97911  0.02508  0.01338  1.87585  0.310050  0.000913 -0.000040  339.6730    6.6532  0.00321  0.58161  0.04009
   0.99072  0.01413  0.00951  1.87228  0.182909  0.001390 -0.000045  131.5478    2.8496  0.00487  0.34246  0.02600
   0.99835  0.00722  0.00627  1.86898  0.109072  0.001661 -0.000036   65.6546    1.8637  0.00580  0.20385  0.02021
   1.00513  0.00189  0.00208  2.01166  0.000804  0.000009 -0.003895   89.1867    2.7637  0.00004  0.00162  0.00020
   1.00741  0.00020  0.00055  2.01408  0.000023  0.000008  0.020278    2.9060    1.5748  0.00003  0.00005  0.00010
   1.00851  0.00020 -0.00055  1.58129  0.000009  0.000004  0.085904    2.2373    1.6408  0.00001  0.00001  0.00003
   1.01080  0.00189 -0.00208  0.31407  0.000044  0.000020  0.003624    2.2295    1.6330  0.00000  0.00001  0.00000
   1.01757  0.00722 -0.00627 -0.18441  0.000044  0.000020  0.002325    2.2295    1.6330  0.00000 -0.00001 -0.00000
   1.02521  0.01413 -0.00951 -0.44815  0.000076  0.000032  0.002754    2.3634    1.6118  0.00001 -0.00003 -0.00000
   1.03682  0.02508 -0.01338 -0.62248  0.000096  0.000043  0.003421    2.2370    1.6295  0.00002 -0.00006 -0.00002
   1.04874  0.03657 -0.01656 -0.71627  0.000128  0.000053  0.002503    2.3984    1.6063  0.00003 -0.00009 -0.00003
   1.06166  0.04916 -0.01946 -0.78000  0.000144  0.000062  0.002650    2.3136    1.6176  0.00004 -0.00011 -0.00005
   1.07462  0.06187 -0.02198 -0.82567  0.000168  0.000071  0.002256    2.3736    1.6082  0.00005 -0.00014 -0.00006
   1.08758  0.07464 -0.02420 -0.85881  0.000185  0.000078  0.002140    2.3592    1.6069  0.00006 -0.00016 -0.00008
   1.10069  0.08760 -0.02622 -0.88557  0.000202  0.000086  0.001995    2.3615    1.6031  0.00007 -0.00018 -0.00010
   1.11378  0.10056 -0.02804 -0.90726  0.000218  0.000092  0.001880    2.3581    1.5995  0.00008 -0.00020 -0.00011
   1.12686  0.11354 -0.02969 -0.92550  0.000232  0.000099  0.001786    2.3509    1.5965  0.00008 -0.00021 -0.00012
   1.13996  0.12655 -0.03120 -0.94122  0.000246  0.000105  0.001704    2.3466    1.5937  0.00009 -0.00023 -0.00014
   1.15308  0.13959 -0.03259 -0.95484  0.000258  0.000110  0.001631    2.3342    1.5900  0.00010 -0.00025 -0.00015
   1.16619  0.15264 -0.03387 -0.96749  0.000269  0.000116  0.001583    2.3256    1.5881  0.00011 -0.00026 -0.00017
   1.17931  0.16571 -0.03504 -0.97860  0.000280  0.000121  0.001526    2.3172    1.5857  0.00012 -0.00027 -0.00018
   1.19243  0.17878 -0.03613 -0.98876  0.000291  0.000126  0.001478    2.3101    1.5832  0.00012 -0.00029 -0.00019
   1.20556  0.19187 -0.03713 -0.99776  0.000302  0.000131  0.001426    2.3074    1.5817  0.00013 -0.00030 -0.00021
   1.21868  0.20497 -0.03805 -1.00600  0.000312  0.000136  0.001383    2.3014    1.5806  0.00014 -0.00031 -0.00022
   1.23181  0.21807 -0.03889 -1.01352  0.000321  0.000140  0.001344    2.2939    1.5795  0.00014 -0.00033 -0.00023
   1.24495  0.23118 -0.03967 -1.02058  0.000331  0.000144  0.001308    2.2943    1.5795  0.00015 -0.00034 -0.00024
   1.25808  0.24429 -0.04038 -1.02720  0.000340  0.000149  0.001279    2.2863    1.5783  0.00016 -0.00035 -0.00025
   1.27121  0.25741 -0.04103 -1.03344  0.000348  0.000153  0.001254    2.2733    1.5768  0.00016 -0.00036 -0.00027
   1.28435  0.27053 -0.04162 -1.03936  0.000356  0.000157  0.001227    2.2698    1.5763  0.00017 -0.00037 -0.00028
   1.29749  0.28366 -0.04215 -1.04521  0.000364  0.000161  0.001207    2.2671    1.5758  0.00018 -0.00038 -0.00029
   1.31062  0.29679 -0.04263 -1.05063  0.000371  0.000164  0.001188    2.2573    1.5753  0.00018 -0.00039 -0.00030
   1.32376  0.30992 -0.04306 -1.05582  0.000379  0.000168  0.001165    2.2542    1.5743  0.00019 -0.00040 -0.00031
   1.33690  0.32305 -0.04343 -1.06045  0.000386  0.000172  0.001140    2.2450    1.5729  0.00019 -0.00041 -0.00032
   1.35004  0.33619 -0.04375 -1.06507  0.000393  0.000176  0.001121    2.2395    1.5716  0.00020 -0.00042 -0.00033
   1.36318  0.34933 -0.04403 -1.06941  0.000401  0.000179  0.001100    2.2392    1.5718  0.00020 -0.00043 -0.00034
   1.37632  0.36247 -0.04426 -1.07372  0.000408  0.000182  0.001084    2.2384    1.5721  0.00021 -0.00044 -0.00035
   1.38946  0.37560 -0.04445 -1.07762  0.000414  0.000186  0.001066    2.2289    1.5705  0.00022 -0.00045 -0.00037
   1.40260  0.38875 -0.04459 -1.08148  0.000420  0.000189  0.001051    2.2233    1.5706  0.00022 -0.00045 -0.00038
   1.41575  0.40189 -0.04469 -1.08522  0.000427  0.000192  0.001036    2.2211    1.5705  0.00023 -0.00046 -0.00039
   1.42889  0.41503 -0.04475 -1.08896  0.000434  0.000195  0.001024    2.2192    1.5703  0.00023 -0.00047 -0.00040
   1.44204  0.42818 -0.04477 -1.09285  0.000439  0.000198  0.001018    2.2161    1.5724  0.00024 -0.00048 -0.00041
   1.45518  0.44132 -0.04475 -1.09657  0.000442  0.000201  0.001014    2.2018    1.5725  0.00024 -0.00048 -0.00042
   1.46832  0.45446 -0.04468 -1.10057  0.000445  0.000203  0.001013    2.1893    1.5727  0.00025 -0.00049 -0.00043
   1.48146  0.46759 -0.04457 -1.10391  0.000452  0.000206  0.000996    2.1889    1.5714  0.00025 -0.00050 -0.00044
   1.49461  0.48074 -0.04442 -1.10659  0.000461  0.000210  0.000968    2.1963    1.5691  0.00026 -0.00051 -0.00045
   1.50777  0.49390 -0.04425 -1.10970  0.000467  0.000213  0.000959    2.1961    1.5696  0.00026 -0.00052 -0.00046
   1.52092  0.50705 -0.04408 -1.11586  0.000461  0.000213  0.001017    2.1627    1.5743  0.00027 -0.00051 -0.00047
   1.53404  0.52017 -0.04389 -1.12562  0.000445  0.000211  0.001133    2.1061    1.5828  0.00027 -0.00050 -0.00048
   1.54712  0.53325 -0.04358 -1.13499  0.000436  0.000210  0.001204    2.0764    1.5878  0.00027 -0.00050 -0.00049
   1.56018  0.54630 -0.04310 -1.13799  0.000450  0.000214  0.001124    2.1025    1.5811  0.00028 -0.00051 -0.00050
   1.57326  0.55937 -0.04243 -1.13546  0.000479  0.000221  0.000955    2.1646    1.5672  0.00029 -0.00054 -0.00051
   1.58638  0.57247 -0.04166 -1.13261  0.000506  0.000229  0.000827    2.2137    1.5558  0.00029 -0.00057 -0.00052
   1.59954  0.58559 -0.04087 -1.13206  0.000522  0.000233  0.000774    2.2382    1.5529  0.00030 -0.00059 -0.00053
   1.61269  0.59873 -0.04008 -1.13313  0.000529  0.000236  0.000768    2.2375    1.5542  0.00030 -0.00060 -0.00053
   1.62584  0.61186 -0.03928 -1.13455  0.000535  0.000239  0.000768    2.2337    1.5553  0.00031 -0.00061 -0.00054
   1.63899  0.62497 -0.03844 -1.13522  0.000541  0.000243  0.000757    2.2242    1.5529  0.00031 -0.00061 -0.00055
   1.65213  0.63808 -0.03756 -1.13561  0.000549  0.000247  0.000740    2.2217    1.5501  0.00032 -0.00062 -0.00056
   1.66527  0.65119 -0.03664 -1.13584  0.000558  0.000251  0.000722    2.2239    1.5483  0.00032 -0.00063 -0.00057
   1.67842  0.66431 -0.03570 -1.13615  0.000567  0.000255  0.000707    2.2268    1.5456  0.00033 -0.00064 -0.00058
   1.69157  0.67742 -0.03472 -1.13637  0.000577  0.000258  0.000694    2.2325    1.5433  0.00033 -0.00066 -0.00059
   1.70472  0.69053 -0.03372 -1.13659  0.000587  0.000262  0.000682    2.2391    1.5400  0.00034 -0.00067 -0.00059
   1.71787  0.70364 -0.03269 -1.13684  0.000599  0.000267  0.000671    2.2457    1.5341  0.00034 -0.00068 -0.00060
   1.73101  0.71674 -0.03162 -1.13654  0.000610  0.000272  0.000657    2.2434    1.5231  0.00035 -0.00069 -0.00061
   1.74416  0.72985 -0.03053 -1.13606  0.000625  0.000278  0.000641    2.2505    1.5114  0.00036 -0.00071 -0.00062
   1.75731  0.74295 -0.02940 -1.13521  0.000644  0.000284  0.000620    2.2702    1.4985  0.00037 -0.00073 -0.00062
   1.77046  0.75604 -0.02825 -1.13313  0.000669  0.000291  0.000589    2.2995    1.4819  0.00037 -0.00076 -0.00063
   1.78361  0.76914 -0.02706 -1.13028  0.000711  0.000300  0.000544    2.3732    1.4637  0.00038 -0.00080 -0.00063
   1.79675  0.78223 -0.02585 -1.12659  0.000777  0.000309  0.000485    2.5161    1.4470  0.00039 -0.00088 -0.00064
   1.80990  0.79532 -0.02461 -1.12101  0.000878  0.000320  0.000402    2.7425    1.4271  0.00040 -0.00098 -0.00064
   1.82305  0.80841 -0.02334 -1.11357  0.001037  0.000334  0.000290    3.1068    1.4030  0.00041 -0.00115 -0.00065
   1.83620  0.82149 -0.02204 -1.10798  0.001317  0.000346  0.000144    3.8101    1.3923  0.00042 -0.00146 -0.00065
   1.84935  0.83457 -0.02071 -1.10987  0.001797  0.000346 -0.000015    5.1963    1.4242  0.00043 -0.00199 -0.00067
   1.86250  0.84765 -0.01935 -1.11323  0.002521  0.000341 -0.000078    7.3932    1.4637  0.00042 -0.00281 -0.00069
   1.87565  0.86073 -0.01796 -1.11689  0.003415  0.000333 -0.000072   10.2621    1.5095  0.00042 -0.00381 -0.00070
   1.88879  0.87380 -0.01655 -1.12029  0.004508  0.000322 -0.000069   14.0125    1.5658  0.00040 -0.00505 -0.00071
   1.90194  0.88687 -0.01510 -1.13189  0.009437  0.000299 -0.000034   31.5123    3.3362  0.00038 -0.01068 -0.00145
   1.91509  0.89993 -0.01363 -1.10029  0.036769  0.000945 -0.000024   38.8953    1.8307  0.00114 -0.04046 -0.00231
   1.92824  0.91299 -0.01213 -1.08129  0.035420  0.001678 -0.000014   21.1097    1.5003  0.00196 -0.03830 -0.00318
   1.94139  0.92605 -0.01059 -1.05238  0.013873  0.002560 -0.000011    5.4201    1.2941  0.00283 -0.01460 -0.00386
   1.95453  0.93911 -0.00903 -1.06616  0.003316  0.002306  0.003685    1.4384    1.3114  0.00262 -0.00354 -0.00366
   1.96768  0.95216 -0.00743 -1.07546  0.002899  0.002253  0.004321    1.2869    1.3472  0.00261 -0.00312 -0.00377
   1.98083  0.96520 -0.00580 -1.09481  0.002570  0.002149  0.004872    1.1957    1.3707  0.00258 -0.00281 -0.00387
   1.99396  0.97823 -0.00414 -1.11300  0.002361  0.002070  0.005251    1.1405    1.3884  0.00256 -0.00263 -0.00396
   2.00691  0.99107 -0.00246 -1.12832  0.002225  0.002016  0.005515    1.1036    1.3957  0.00257 -0.00251 -0.00404
   2.01592  1.00000 -0.00126 -1.10568  0.002384  0.002189  0.005071    1.0888    1.4137  0.00268 -0.00264 -0.00418
   2.01592  1.00010 -0.00000  1.10532  2.799793  0.023482  0.000000  119.2297
   2.02493  1.00911  0.00002  1.09864  1.473648  0.038299  0.000000   38.4773
   2.03514  1.01932  0.00007  1.09726  1.384214  0.040149  0.000000   34.4768
   2.04672  1.03090  0.00017  1.09546  1.278623  0.042227  0.000000   30.2798
   2.05986  1.04403  0.00031  1.09326  1.165660  0.044567  0.000000   26.1555
   2.07474  1.05892  0.00050  1.09066  1.051234  0.047072  0.000000   22.3323
   2.09163  1.07580  0.00075  1.08760  0.939400  0.049781  0.000000   18.8706
   2.11077  1.09494  0.00107  1.08412  0.840471  0.052544  0.000000   15.9956
   2.13247  1.11664  0.00148  1.08056  0.778594  0.055084  0.000000   14.1347
   2.15708  1.14124  0.00199  1.07317  0.558789  0.059960  0.000000    9.3194
   2.18498  1.16914  0.00262  1.06729  0.525709  0.063006  0.000000    8.3438
   2.21662  1.20076  0.00340  1.06064  0.503026  0.066373  0.000000    7.5787
   2.25249  1.23662  0.00435  1.05356  0.503673  0.069854  0.000000    7.2104
   2.29316  1.27728  0.00551  1.04503  0.481683  0.074099  0.000000    6.5005
   2.33928  1.32337  0.00692  1.03555  0.478064  0.078793  0.000000    6.0674
   2.39157  1.37563  0.00863  1.02482  0.394130  0.083524  0.000000    4.7188
   2.45086  1.43489  0.01068  1.00926  0.382044  0.089940  0.000000    4.2477
   2.51808  1.50207  0.01315  0.97584  0.407307  0.108855  0.000000    3.7417
   2.59430  1.57823  0.01609  0.95433  0.404514  0.120865  0.000000    3.3468
   2.68073  1.66459  0.01960  0.93583  0.386284  0.131616  0.000000    2.9349
   2.77872  1.76249  0.02376  0.92533  0.324216  0.136868  0.000000    2.3688
   2.88983  1.87349  0.02870  0.93566  0.245444  0.129029  0.000000    1.9022
   3.01581  1.99934  0.03452  1.05032  0.109367  0.080126  0.000000    1.3650
