N_PANELS= 160
N_WAKE=  23
# DIJ diagonal (first 20)
   1 -0.5140807374E+02
   2 -0.1469339521E+03
   3 -0.1035616489E+03
   4 -0.8977942133E+02
   5 -0.8241342031E+02
   6 -0.7836621379E+02
   7 -0.7627169304E+02
   8 -0.7522383447E+02
   9 -0.7470717289E+02
  10 -0.7445123960E+02
  11 -0.7432253633E+02
  12 -0.7425704943E+02
  13 -0.7422383523E+02
  14 -0.7420856647E+02
  15 -0.7420421231E+02
  16 -0.7420786247E+02
  17 -0.7421765377E+02
  18 -0.7423275132E+02
  19 -0.7425322438E+02
  20 -0.7427866892E+02
# DIJ row 1 (cols 1-20)
   1 -0.5140807374E+02
   2  0.4055838477E+02
   3  0.5595229911E+01
   4  0.1878127205E+01
   5  0.9695482718E+00
   6  0.5624854974E+00
   7  0.3613758597E+00
   8  0.2482435123E+00
   9  0.1797855926E+00
  10  0.1356604032E+00
  11  0.1057591108E+00
  12  0.8463914435E-01
  13  0.6920246240E-01
  14  0.5759295382E-01
  15  0.4864962799E-01
  16  0.4161811017E-01
  17  0.3599234950E-01
  18  0.3142255731E-01
  19  0.2766107529E-01
  20  0.2452864562E-01
# DIJ row 80 (cols 75-85)
  75  0.6334656579E+01
  76  0.1004153923E+02
  77  0.1717962417E+02
  78  0.4749152352E+02
  79  0.1912795472E+03
  80 -0.6044842935E+03
  81  0.1965192240E+03
  82  0.4557434111E+02
  83  0.1725889287E+02
  84  0.1034120312E+02
  85  0.6591159874E+01
# DIJ stag region
  78  78 -0.5371540164E+03
  78  79  0.1748917558E+03
  78  80  0.4057112422E+02
  78  81  0.1522871910E+02
  78  82  0.8790825144E+01
  79  78  0.1804551543E+03
  79  79 -0.5713008740E+03
  79  80  0.1858930787E+03
  79  81  0.4307355798E+02
  79  82  0.1614262884E+02
  80  78  0.4749152352E+02
  80  79  0.1912795472E+03
  80  80 -0.6044842935E+03
  80  81  0.1965192240E+03
  80  82  0.4557434111E+02
  81  78  0.1799847948E+02
  81  79  0.4973149572E+02
  81  80  0.2017840627E+03
  81  81 -0.6365791483E+03
  81  82  0.2066512455E+03
  82  78  0.1091955073E+02
  82  79  0.1878937261E+02
  82  80  0.5192337785E+02
  82  81  0.2119157503E+03
  82  82 -0.6654338335E+03
